epoch	train	val	mae_orig	rmse_orig
0	0.4009079800711738	0.41315973821536517	0.8973183035850525	1.1752090454101562
1	0.3885420792632633	0.41315973821536517	0.8973183035850525	1.1752090454101562
2	0.38076754411061603	0.41315973821536517	0.8973183035850525	1.1752090454101562
3	0.3886828256977929	0.41315973821536517	0.8973183035850525	1.1752090454101562
4	0.3829975525538127	0.41315973821536517	0.8973183035850525	1.1752090454101562
5	0.384426044093238	0.3914552469586217	0.8678233623504639	1.1358811855316162
6	0.3775949776172638	0.3914552469586217	0.8678233623504639	1.1358811855316162
7	0.36927557322714066	0.3914552469586217	0.8678233623504639	1.1358811855316162
8	0.3592526382870144	0.3914552469586217	0.8678233623504639	1.1358811855316162
9	0.36000297798050773	0.3914552469586217	0.8678233623504639	1.1358811855316162
10	0.35267841815948486	0.36881965075352396	0.8349922299385071	1.09673273563385
11	0.3510868416892158	0.36881965075352396	0.8349922299385071	1.09673273563385
12	0.34505977895524764	0.36881965075352396	0.8349922299385071	1.09673273563385
13	0.3363128536277347	0.36881965075352396	0.8349922299385071	1.09673273563385
14	0.32634689079390633	0.36881965075352396	0.8349922299385071	1.09673273563385
15	0.32920769188139176	0.33739833845648654	0.7902975082397461	1.037739634513855
16	0.32271869977315265	0.33739833845648654	0.7902975082397461	1.037739634513855
17	0.3165438605679406	0.33739833845648654	0.7902975082397461	1.037739634513855
18	0.30513668722576565	0.33739833845648654	0.7902975082397461	1.037739634513855
19	0.3045654164420234	0.33739833845648654	0.7902975082397461	1.037739634513855
20	0.30149975087907577	0.30300738136897715	0.7394636869430542	0.9739323854446411
21	0.2923835515975952	0.30300738136897715	0.7394636869430542	0.9739323854446411
22	0.2916305429405636	0.30300738136897715	0.7394636869430542	0.9739323854446411
23	0.2853088014655643	0.30300738136897715	0.7394636869430542	0.9739323854446411
24	0.27019792795181274	0.30300738136897715	0.7394636869430542	0.9739323854446411
25	0.2718614207373725	0.267826049826866	0.6882212162017822	0.9067076444625854
26	0.25657447675863904	0.267826049826866	0.6882212162017822	0.9067076444625854
27	0.26026248104042476	0.267826049826866	0.6882212162017822	0.9067076444625854
28	0.2525499959786733	0.267826049826866	0.6882212162017822	0.9067076444625854
29	0.2449236379729377	0.267826049826866	0.6882212162017822	0.9067076444625854
30	0.23566474351618025	0.23722550180531288	0.6403928995132446	0.8493109345436096
31	0.23665079474449158	0.23722550180531288	0.6403928995132446	0.8493109345436096
32	0.23362854619820914	0.23722550180531288	0.6403928995132446	0.8493109345436096
33	0.2278708749347263	0.23722550180531288	0.6403928995132446	0.8493109345436096
34	0.22249487207995522	0.23722550180531288	0.6403928995132446	0.8493109345436096
35	0.21719855070114136	0.21317686487075893	0.6009944677352905	0.8034024834632874
36	0.21093475653065574	0.21317686487075893	0.6009944677352905	0.8034024834632874
37	0.20793495575586954	0.21317686487075893	0.6009944677352905	0.8034024834632874
38	0.2075410700506634	0.21317686487075893	0.6009944677352905	0.8034024834632874
39	0.20381956133577558	0.21317686487075893	0.6009944677352905	0.8034024834632874
40	0.20753946072525448	0.19738997287990512	0.5720629096031189	0.7742012739181519
41	0.19928333328829873	0.19738997287990512	0.5720629096031189	0.7742012739181519
42	0.1889681021372477	0.19738997287990512	0.5720629096031189	0.7742012739181519
43	0.2041230019595888	0.19738997287990512	0.5720629096031189	0.7742012739181519
44	0.19760077695051828	0.19738997287990512	0.5720629096031189	0.7742012739181519
45	0.19099010195997027	0.18845031485539074	0.5498906970024109	0.7599459290504456
46	0.189304671353764	0.18845031485539074	0.5498906970024109	0.7599459290504456
47	0.18379952510197958	0.18845031485539074	0.5498906970024109	0.7599459290504456
48	0.18627878030141196	0.18845031485539074	0.5498906970024109	0.7599459290504456
49	0.18810756504535675	0.18845031485539074	0.5498906970024109	0.7599459290504456
50	0.1827886700630188	0.1831888278094373	0.5422334671020508	0.7476974129676819
51	0.18219177424907684	0.1831888278094373	0.5422334671020508	0.7476974129676819
52	0.18155014514923096	0.1831888278094373	0.5422334671020508	0.7476974129676819
53	0.1832295854886373	0.1831888278094373	0.5422334671020508	0.7476974129676819
54	0.1833142273955875	0.1831888278094373	0.5422334671020508	0.7476974129676819
55	0.18138221237394545	0.180336664351382	0.5376356840133667	0.7409706711769104
56	0.18857544660568237	0.180336664351382	0.5376356840133667	0.7409706711769104
57	0.18277977738115522	0.180336664351382	0.5376356840133667	0.7409706711769104
58	0.18373026450475058	0.180336664351382	0.5376356840133667	0.7409706711769104
59	0.1758516894446479	0.180336664351382	0.5376356840133667	0.7409706711769104
60	0.18030800422032675	0.17835890218731046	0.532094419002533	0.737760066986084
61	0.17511305875248379	0.17835890218731046	0.532094419002533	0.737760066986084
62	0.18223236832353804	0.17835890218731046	0.532094419002533	0.737760066986084
63	0.18034187952677408	0.17835890218731046	0.532094419002533	0.737760066986084
64	0.17894392212231955	0.17835890218731046	0.532094419002533	0.737760066986084
65	0.18338322142759958	0.17652879227963528	0.5274710059165955	0.7344502210617065
66	0.1770552694797516	0.17652879227963528	0.5274710059165955	0.7344502210617065
67	0.1835889220237732	0.17652879227963528	0.5274710059165955	0.7344502210617065
68	0.17727732161680856	0.17652879227963528	0.5274710059165955	0.7344502210617065
69	0.18141012887159982	0.17652879227963528	0.5274710059165955	0.7344502210617065
70	0.18020653227965036	0.17523121290890745	0.5277971029281616	0.7299482226371765
71	0.17429607113202414	0.17523121290890745	0.5277971029281616	0.7299482226371765
72	0.18000805543528664	0.17523121290890745	0.5277971029281616	0.7299482226371765
73	0.17653742101457384	0.17523121290890745	0.5277971029281616	0.7299482226371765
74	0.17861365609698826	0.17523121290890745	0.5277971029281616	0.7299482226371765
75	0.17430339919196236	0.17413680324720782	0.5247376561164856	0.7281908988952637
76	0.17582468522919548	0.17413680324720782	0.5247376561164856	0.7281908988952637
77	0.1778717405266232	0.17413680324720782	0.5247376561164856	0.7281908988952637
78	0.17607752813233268	0.17413680324720782	0.5247376561164856	0.7281908988952637
79	0.17823438180817497	0.17413680324720782	0.5247376561164856	0.7281908988952637
80	0.17288512488206229	0.17319138636884762	0.5234523415565491	0.7258244752883911
81	0.17358852922916412	0.17319138636884762	0.5234523415565491	0.7258244752883911
82	0.17586010528935325	0.17319138636884762	0.5234523415565491	0.7258244752883911
83	0.17285645504792532	0.17319138636884762	0.5234523415565491	0.7258244752883911
84	0.17232422365082634	0.17319138636884762	0.5234523415565491	0.7258244752883911
85	0.17504368556870353	0.17221277582553007	0.519335150718689	0.725074291229248
86	0.18164882063865662	0.17221277582553007	0.519335150718689	0.725074291229248
87	0.17205455071396297	0.17221277582553007	0.519335150718689	0.725074291229248
88	0.18076860076851314	0.17221277582553007	0.519335150718689	0.725074291229248
89	0.17226537399821812	0.17221277582553007	0.519335150718689	0.725074291229248
90	0.17307649221685198	0.17136422111544497	0.518039882183075	0.7229586243629456
91	0.17132119172149235	0.17136422111544497	0.518039882183075	0.7229586243629456
92	0.1739665468533834	0.17136422111544497	0.518039882183075	0.7229586243629456
93	0.1828753716415829	0.17136422111544497	0.518039882183075	0.7229586243629456
94	0.17342103024323782	0.17136422111544497	0.518039882183075	0.7229586243629456
95	0.17420401175816855	0.170897922774618	0.5144597887992859	0.7235351204872131
96	0.17507660885651907	0.170897922774618	0.5144597887992859	0.7235351204872131
97	0.18105563521385193	0.170897922774618	0.5144597887992859	0.7235351204872131
98	0.16928683718045553	0.170897922774618	0.5144597887992859	0.7235351204872131
99	0.1714729600482517	0.170897922774618	0.5144597887992859	0.7235351204872131
100	0.172775376174185	0.16996865193973215	0.5169611573219299	0.7190549969673157
101	0.1717545208003786	0.16996865193973215	0.5169611573219299	0.7190549969673157
102	0.1704512039820353	0.16996865193973215	0.5169611573219299	0.7190549969673157
103	0.17236512071556515	0.16996865193973215	0.5169611573219299	0.7190549969673157
104	0.1707770542965995	0.16996865193973215	0.5169611573219299	0.7190549969673157
105	0.1782486935456594	0.16923871705698412	0.5145424008369446	0.7179324626922607
106	0.17235132720735338	0.16923871705698412	0.5145424008369446	0.7179324626922607
107	0.16794115470515358	0.16923871705698412	0.5145424008369446	0.7179324626922607
108	0.1751657028992971	0.16923871705698412	0.5145424008369446	0.7179324626922607
109	0.1734343386358685	0.16923871705698412	0.5145424008369446	0.7179324626922607
110	0.171032609211074	0.16852504580981972	0.512975811958313	0.7164024114608765
111	0.17367079854011536	0.16852504580981972	0.512975811958313	0.7164024114608765
112	0.17149671415487924	0.16852504580981972	0.512975811958313	0.7164024114608765
113	0.17027921146816677	0.16852504580981972	0.512975811958313	0.7164024114608765
114	0.16831291715304056	0.16852504580981972	0.512975811958313	0.7164024114608765
115	0.16755038334263694	0.16770543920439343	0.5106047987937927	0.7149271965026855
116	0.17095210320419735	0.16770543920439343	0.5106047987937927	0.7149271965026855
117	0.171582645840115	0.16770543920439343	0.5106047987937927	0.7149271965026855
118	0.16571938494841257	0.16770543920439343	0.5106047987937927	0.7149271965026855
119	0.171919208433893	0.16770543920439343	0.5106047987937927	0.7149271965026855
120	0.16800985733668009	0.16698524321234504	0.5109368562698364	0.7123571038246155
121	0.17389762732717726	0.16698524321234504	0.5109368562698364	0.7123571038246155
122	0.16744236813651192	0.16698524321234504	0.5109368562698364	0.7123571038246155
123	0.17848744988441467	0.16698524321234504	0.5109368562698364	0.7123571038246155
124	0.16994750996430716	0.16698524321234504	0.5109368562698364	0.7123571038246155
125	0.16494463053014544	0.16643225869467093	0.5061488151550293	0.7130277156829834
126	0.17459598845905727	0.16643225869467093	0.5061488151550293	0.7130277156829834
127	0.16544660925865173	0.16643225869467093	0.5061488151550293	0.7130277156829834
128	0.16675940818256801	0.16643225869467093	0.5061488151550293	0.7130277156829834
129	0.16886524359385172	0.16643225869467093	0.5061488151550293	0.7130277156829834
130	0.16578701635201773	0.16571611835975056	0.5088276267051697	0.7091677188873291
131	0.16759439806143442	0.16571611835975056	0.5088276267051697	0.7091677188873291
132	0.16889364189571804	0.16571611835975056	0.5088276267051697	0.7091677188873291
133	0.16432146728038788	0.16571611835975056	0.5088276267051697	0.7091677188873291
134	0.1668793128596412	0.16571611835975056	0.5088276267051697	0.7091677188873291
135	0.16494731108347574	0.16506354222001957	0.5048096776008606	0.7091678977012634
136	0.16676896810531616	0.16506354222001957	0.5048096776008606	0.7091678977012634
137	0.16820660564634535	0.16506354222001957	0.5048096776008606	0.7091678977012634
138	0.16895516051186454	0.16506354222001957	0.5048096776008606	0.7091678977012634
139	0.16875598827997842	0.16506354222001957	0.5048096776008606	0.7091678977012634
140	0.16912336647510529	0.16449555512084518	0.503215491771698	0.7081320881843567
141	0.16993332571453518	0.16449555512084518	0.503215491771698	0.7081320881843567
142	0.1648806846804089	0.16449555512084518	0.503215491771698	0.7081320881843567
143	0.17213672233952415	0.16449555512084518	0.503215491771698	0.7081320881843567
144	0.16930032273133597	0.16449555512084518	0.503215491771698	0.7081320881843567
145	0.16910815073384178	0.1639795804670615	0.5006378889083862	0.7076277136802673
146	0.16287587583065033	0.1639795804670615	0.5006378889083862	0.7076277136802673
147	0.16540570225980547	0.1639795804670615	0.5006378889083862	0.7076277136802673
148	0.16927960183885363	0.1639795804670615	0.5006378889083862	0.7076277136802673
149	0.1648659904797872	0.1639795804670615	0.5006378889083862	0.7076277136802673
150	0.16358275877104866	0.16329591322776882	0.502171516418457	0.7046350240707397
151	0.16316958434051937	0.16329591322776882	0.502171516418457	0.7046350240707397
152	0.16211926109260982	0.16329591322776882	0.502171516418457	0.7046350240707397
153	0.16679448551601833	0.16329591322776882	0.502171516418457	0.7046350240707397
154	0.16918129391140407	0.16329591322776882	0.502171516418457	0.7046350240707397
155	0.1663021163807975	0.16271784982477971	0.5000553727149963	0.7037200927734375
156	0.16091792616579267	0.16271784982477971	0.5000553727149963	0.7037200927734375
157	0.16235123574733734	0.16271784982477971	0.5000553727149963	0.7037200927734375
158	0.16491860979133183	0.16271784982477971	0.5000553727149963	0.7037200927734375
159	0.1655745572514004	0.16271784982477971	0.5000553727149963	0.7037200927734375
160	0.16396716899342006	0.16217654897261036	0.4997876286506653	0.7020685076713562
161	0.1648726678556866	0.16217654897261036	0.4997876286506653	0.7020685076713562
162	0.1647848685582479	0.16217654897261036	0.4997876286506653	0.7020685076713562
163	0.16544105609258017	0.16217654897261036	0.4997876286506653	0.7020685076713562
164	0.16441700359185538	0.16217654897261036	0.4997876286506653	0.7020685076713562
165	0.16231438020865122	0.16149094758569732	0.49789878726005554	0.7007169723510742
166	0.16287478473451403	0.16149094758569732	0.49789878726005554	0.7007169723510742
167	0.16563560565312704	0.16149094758569732	0.49789878726005554	0.7007169723510742
168	0.16544348167048561	0.16149094758569732	0.49789878726005554	0.7007169723510742
169	0.16430037717024484	0.16149094758569732	0.49789878726005554	0.7007169723510742
170	0.16501456499099731	0.16089395751324734	0.4975420832633972	0.6990053057670593
171	0.15865435782406065	0.16089395751324734	0.4975420832633972	0.6990053057670593
172	0.16114112238089243	0.16089395751324734	0.4975420832633972	0.6990053057670593
173	0.16270717481772104	0.16089395751324734	0.4975420832633972	0.6990053057670593
174	0.16078623135884604	0.16089395751324734	0.4975420832633972	0.6990053057670593
175	0.16595912641949123	0.16023520801880564	0.4954022467136383	0.6979193687438965
176	0.16547976434230804	0.16023520801880564	0.4954022467136383	0.6979193687438965
177	0.16326540377404955	0.16023520801880564	0.4954022467136383	0.6979193687438965
178	0.16311752961741555	0.16023520801880564	0.4954022467136383	0.6979193687438965
179	0.16482208006911808	0.16023520801880564	0.4954022467136383	0.6979193687438965
180	0.15903869602415296	0.15954555328502212	0.4933810532093048	0.6964462399482727
181	0.16481290260950723	0.15954555328502212	0.4933810532093048	0.6964462399482727
182	0.16119435760709974	0.15954555328502212	0.4933810532093048	0.6964462399482727
183	0.1570869286855062	0.15954555328502212	0.4933810532093048	0.6964462399482727
184	0.15858320726288688	0.15954555328502212	0.4933810532093048	0.6964462399482727
185	0.15975837906201681	0.15894640508548233	0.49078434705734253	0.6958689093589783
186	0.1591562959882948	0.15894640508548233	0.49078434705734253	0.6958689093589783
187	0.16142111354404026	0.15894640508548233	0.49078434705734253	0.6958689093589783
188	0.1599260022242864	0.15894640508548233	0.49078434705734253	0.6958689093589783
189	0.16323791444301605	0.15894640508548233	0.49078434705734253	0.6958689093589783
190	0.15972992777824402	0.15844701761885208	0.49052736163139343	0.6942697763442993
191	0.15851429104804993	0.15844701761885208	0.49052736163139343	0.6942697763442993
192	0.16341430611080593	0.15844701761885208	0.49052736163139343	0.6942697763442993
193	0.16199607319302028	0.15844701761885208	0.49052736163139343	0.6942697763442993
194	0.15848708318339455	0.15844701761885208	0.49052736163139343	0.6942697763442993
195	0.1608996010488934	0.15854131517022155	0.49626705050468445	0.6919338703155518
196	0.1627101865079668	0.15854131517022155	0.49626705050468445	0.6919338703155518
197	0.16831064224243164	0.15854131517022155	0.49626705050468445	0.6919338703155518
198	0.16220142940680185	0.15854131517022155	0.49626705050468445	0.6919338703155518
199	0.15720737311575148	0.15854131517022155	0.49626705050468445	0.6919338703155518
200	0.1613146811723709	0.1581641230010247	0.49614137411117554	0.6906574368476868
201	0.1612616495953666	0.1581641230010247	0.49614137411117554	0.6906574368476868
202	0.15882363418738046	0.1581641230010247	0.49614137411117554	0.6906574368476868
203	0.15986429651578268	0.1581641230010247	0.49614137411117554	0.6906574368476868
204	0.16085768904950884	0.1581641230010247	0.49614137411117554	0.6906574368476868
205	0.16074756450123256	0.15690712700056475	0.4870738983154297	0.6909262537956238
206	0.1597378071811464	0.15690712700056475	0.4870738983154297	0.6909262537956238
207	0.15733605954382154	0.15690712700056475	0.4870738983154297	0.6909262537956238
208	0.16730684869819218	0.15690712700056475	0.4870738983154297	0.6909262537956238
209	0.15694350997606912	0.15690712700056475	0.4870738983154297	0.6909262537956238
210	0.15564512378639644	0.1564664677825085	0.4868859052658081	0.6895986795425415
211	0.15366083631912866	0.1564664677825085	0.4868859052658081	0.6895986795425415
212	0.1551281362771988	0.1564664677825085	0.4868859052658081	0.6895986795425415
213	0.15740734338760376	0.1564664677825085	0.4868859052658081	0.6895986795425415
214	0.15793254143661922	0.1564664677825085	0.4868859052658081	0.6895986795425415
215	0.1557062582837211	0.15600956283336462	0.4847669303417206	0.6891509294509888
216	0.15751191476980844	0.15600956283336462	0.4847669303417206	0.6891509294509888
217	0.15109018319182926	0.15600956283336462	0.4847669303417206	0.6891509294509888
218	0.1581482920381758	0.15600956283336462	0.4847669303417206	0.6891509294509888
219	0.1573628005054262	0.15600956283336462	0.4847669303417206	0.6891509294509888
220	0.15882975028620827	0.15553758021935013	0.4854450821876526	0.6871923208236694
221	0.15344531171851689	0.15553758021935013	0.4854450821876526	0.6871923208236694
222	0.15726099908351898	0.15553758021935013	0.4854450821876526	0.6871923208236694
223	0.16354356706142426	0.15553758021935013	0.4854450821876526	0.6871923208236694
224	0.1522210074795617	0.15553758021935013	0.4854450821876526	0.6871923208236694
225	0.15509586036205292	0.15491567887077035	0.4828275442123413	0.6863431930541992
226	0.152624206410514	0.15491567887077035	0.4828275442123413	0.6863431930541992
227	0.15524717337555355	0.15491567887077035	0.4828275442123413	0.6863431930541992
228	0.15477901697158813	0.15491567887077035	0.4828275442123413	0.6863431930541992
229	0.15874788661797842	0.15491567887077035	0.4828275442123413	0.6863431930541992
230	0.1540698061386744	0.154571637857792	0.48227107524871826	0.6853869557380676
231	0.16451371047231886	0.154571637857792	0.48227107524871826	0.6853869557380676
232	0.15622037814723122	0.154571637857792	0.48227107524871826	0.6853869557380676
233	0.1543013999859492	0.154571637857792	0.48227107524871826	0.6853869557380676
234	0.1574664811293284	0.154571637857792	0.48227107524871826	0.6853869557380676
235	0.15611355503400168	0.15426419224849966	0.48325011134147644	0.6843569278717041
236	0.15889708366658953	0.15426419224849966	0.48325011134147644	0.6843569278717041
237	0.15742020971245235	0.15426419224849966	0.48325011134147644	0.6843569278717041
238	0.153873301214642	0.15426419224849966	0.48325011134147644	0.6843569278717041
239	0.1619830611679289	0.15426419224849966	0.48325011134147644	0.6843569278717041
240	0.1542653457985984	0.15392244901767996	0.47671255469322205	0.6858291029930115
241	0.15614524649249184	0.15392244901767996	0.47671255469322205	0.6858291029930115
242	0.1556536936097675	0.15392244901767996	0.47671255469322205	0.6858291029930115
243	0.15422859456804064	0.15392244901767996	0.47671255469322205	0.6858291029930115
244	0.1563270092010498	0.15392244901767996	0.47671255469322205	0.6858291029930115
245	0.15621612634923723	0.15342781028544256	0.47609034180641174	0.6843294501304626
246	0.15799194077650705	0.15342781028544256	0.47609034180641174	0.6843294501304626
247	0.15770532025231254	0.15342781028544256	0.47609034180641174	0.6843294501304626
248	0.15306053393416935	0.15342781028544256	0.47609034180641174	0.6843294501304626
249	0.16232410073280334	0.15342781028544256	0.47609034180641174	0.6843294501304626
250	0.1543491995996899	0.15313747802446054	0.47535228729248047	0.6839654445648193
251	0.14995736380418143	0.15313747802446054	0.47535228729248047	0.6839654445648193
252	0.1574877550204595	0.15313747802446054	0.47535228729248047	0.6839654445648193
253	0.15101704001426697	0.15313747802446054	0.47535228729248047	0.6839654445648193
254	0.15615620381302303	0.15313747802446054	0.47535228729248047	0.6839654445648193
255	0.15436499151918623	0.15273855256941893	0.47490939497947693	0.6829975843429565
256	0.1562461538447274	0.15273855256941893	0.47490939497947693	0.6829975843429565
257	0.15747682087951237	0.15273855256941893	0.47490939497947693	0.6829975843429565
258	0.15475226938724518	0.15273855256941893	0.47490939497947693	0.6829975843429565
259	0.15091574357615578	0.15273855256941893	0.47490939497947693	0.6829975843429565
260	0.15497936639520857	0.15220831311488336	0.47507891058921814	0.6813137531280518
261	0.15661201377709708	0.15220831311488336	0.47507891058921814	0.6813137531280518
262	0.15477462112903595	0.15220831311488336	0.47507891058921814	0.6813137531280518
263	0.15527711311976114	0.15220831311488336	0.47507891058921814	0.6813137531280518
264	0.1540860715839598	0.15220831311488336	0.47507891058921814	0.6813137531280518
265	0.15792326629161835	0.15187775719073393	0.47706153988838196	0.6792647838592529
266	0.14897847175598145	0.15187775719073393	0.47706153988838196	0.6792647838592529
267	0.15252598292297787	0.15187775719073393	0.47706153988838196	0.6792647838592529
268	0.14980457640356487	0.15187775719073393	0.47706153988838196	0.6792647838592529
269	0.1546629766623179	0.15187775719073393	0.47706153988838196	0.6792647838592529
270	0.15361036856969199	0.15137589162634324	0.4731988310813904	0.6792925596237183
271	0.15573045942518446	0.15137589162634324	0.4731988310813904	0.6792925596237183
272	0.15167761676841313	0.15137589162634324	0.4731988310813904	0.6792925596237183
273	0.14966767529646555	0.15137589162634324	0.4731988310813904	0.6792925596237183
274	0.15009344783094195	0.15137589162634324	0.4731988310813904	0.6792925596237183
275	0.15041475163565743	0.15096629255039748	0.47330594062805176	0.6780685782432556
276	0.15280668106344011	0.15096629255039748	0.47330594062805176	0.6780685782432556
277	0.15389330022864872	0.15096629255039748	0.47330594062805176	0.6780685782432556
278	0.1493344008922577	0.15096629255039748	0.47330594062805176	0.6780685782432556
279	0.14786696351236767	0.15096629255039748	0.47330594062805176	0.6780685782432556
280	0.15550694366296133	0.1506420430517936	0.4716394543647766	0.6777283549308777
281	0.1522610220644209	0.1506420430517936	0.4716394543647766	0.6777283549308777
282	0.14936035871505737	0.1506420430517936	0.4716394543647766	0.6777283549308777
283	0.15704327656163108	0.1506420430517936	0.4716394543647766	0.6777283549308777
284	0.14935640494028726	0.1506420430517936	0.4716394543647766	0.6777283549308777
285	0.14700693719916874	0.1503099937771642	0.47395387291908264	0.6754055619239807
286	0.15813080304198796	0.1503099937771642	0.47395387291908264	0.6754055619239807
287	0.1460687220096588	0.1503099937771642	0.47395387291908264	0.6754055619239807
288	0.15198494493961334	0.1503099937771642	0.47395387291908264	0.6754055619239807
289	0.1544345286157396	0.1503099937771642	0.47395387291908264	0.6754055619239807
290	0.15092331005467308	0.14991506691588913	0.4721623659133911	0.6751692891120911
291	0.15059026247925228	0.14991506691588913	0.4721623659133911	0.6751692891120911
292	0.1511534121301439	0.14991506691588913	0.4721623659133911	0.6751692891120911
293	0.15275915298197004	0.14991506691588913	0.4721623659133911	0.6751692891120911
294	0.15041552815172407	0.14991506691588913	0.4721623659133911	0.6751692891120911
295	0.14792610042625004	0.14976138604241748	0.47353312373161316	0.6740285754203796
296	0.1462698553999265	0.14976138604241748	0.47353312373161316	0.6740285754203796
297	0.14725538922680748	0.14976138604241748	0.47353312373161316	0.6740285754203796
298	0.15271809531582725	0.14976138604241748	0.47353312373161316	0.6740285754203796
299	0.1487389968501197	0.14976138604241748	0.47353312373161316	0.6740285754203796
300	0.15365533530712128	0.14958677377349647	0.47314903140068054	0.6739702820777893
301	0.15042821400695378	0.14958677377349647	0.47314903140068054	0.6739702820777893
302	0.14946596655580732	0.14958677377349647	0.47314903140068054	0.6739702820777893
303	0.15093092454804313	0.14958677377349647	0.47314903140068054	0.6739702820777893
304	0.14983958999315897	0.14958677377349647	0.47314903140068054	0.6739702820777893
305	0.15143578085634443	0.1491038160499676	0.46830853819847107	0.6742679476737976
306	0.14761187467310163	0.1491038160499676	0.46830853819847107	0.6742679476737976
307	0.14809582299656338	0.1491038160499676	0.46830853819847107	0.6742679476737976
308	0.14994129869672987	0.1491038160499676	0.46830853819847107	0.6742679476737976
309	0.15493820276525286	0.1491038160499676	0.46830853819847107	0.6742679476737976
310	0.15026855137613085	0.14878839185071546	0.46739500761032104	0.6735084056854248
311	0.15661231345600551	0.14878839185071546	0.46739500761032104	0.6735084056854248
312	0.14790624380111694	0.14878839185071546	0.46739500761032104	0.6735084056854248
313	0.15396583742565578	0.14878839185071546	0.46739500761032104	0.6735084056854248
314	0.15023407505618203	0.14878839185071546	0.46739500761032104	0.6735084056854248
315	0.14890439477231768	0.14848670548246812	0.4667167365550995	0.6728034615516663
316	0.14744511743386587	0.14848670548246812	0.4667167365550995	0.6728034615516663
317	0.14562430481115976	0.14848670548246812	0.4667167365550995	0.6728034615516663
318	0.15126322872108883	0.14848670548246812	0.4667167365550995	0.6728034615516663
319	0.1474629044532776	0.14848670548246812	0.4667167365550995	0.6728034615516663
320	0.1501965969800949	0.1481385731188826	0.4655356705188751	0.6721736788749695
321	0.14294969704416063	0.1481385731188826	0.4655356705188751	0.6721736788749695
322	0.14671224852403006	0.1481385731188826	0.4655356705188751	0.6721736788749695
323	0.14821746945381165	0.1481385731188826	0.4655356705188751	0.6721736788749695
324	0.152906381421619	0.1481385731188826	0.4655356705188751	0.6721736788749695
325	0.14719608591662514	0.1478015475494917	0.46686428785324097	0.6703873872756958
326	0.1525448246134652	0.1478015475494917	0.46686428785324097	0.6703873872756958
327	0.14697626564237806	0.1478015475494917	0.46686428785324097	0.6703873872756958
328	0.1515168845653534	0.1478015475494917	0.46686428785324097	0.6703873872756958
329	0.1483772032790714	0.1478015475494917	0.46686428785324097	0.6703873872756958
330	0.14937094847361246	0.1475333243377449	0.4648694694042206	0.6704508662223816
331	0.14478994574811724	0.1475333243377449	0.4648694694042206	0.6704508662223816
332	0.1505658742454317	0.1475333243377449	0.4648694694042206	0.6704508662223816
333	0.14711046550008985	0.1475333243377449	0.4648694694042206	0.6704508662223816
334	0.14697556528780195	0.1475333243377449	0.4648694694042206	0.6704508662223816
335	0.1511844644943873	0.14730368508386982	0.4624772369861603	0.670906126499176
336	0.15155226157771218	0.14730368508386982	0.4624772369861603	0.670906126499176
337	0.14745651516649458	0.14730368508386982	0.4624772369861603	0.670906126499176
338	0.15017829835414886	0.14730368508386982	0.4624772369861603	0.670906126499176
339	0.14576415965954462	0.14730368508386982	0.4624772369861603	0.670906126499176
340	0.1494830631547504	0.14739206236924313	0.46854087710380554	0.6687350869178772
341	0.14993492431110805	0.14739206236924313	0.46854087710380554	0.6687350869178772
342	0.14945138659742144	0.14739206236924313	0.46854087710380554	0.6687350869178772
343	0.14385783010058933	0.14739206236924313	0.46854087710380554	0.6687350869178772
344	0.14959895610809326	0.14739206236924313	0.46854087710380554	0.6687350869178772
345	0.14955227904849583	0.14680494622204654	0.4660532772541046	0.6673992872238159
346	0.14628959695498148	0.14680494622204654	0.4660532772541046	0.6673992872238159
347	0.14750195874108207	0.14680494622204654	0.4660532772541046	0.6673992872238159
348	0.15156359639432695	0.14680494622204654	0.4660532772541046	0.6673992872238159
349	0.1511433869600296	0.14680494622204654	0.4660532772541046	0.6673992872238159
350	0.15093848605950674	0.1466325548037078	0.46628114581108093	0.6667385101318359
351	0.1492568684948815	0.1466325548037078	0.46628114581108093	0.6667385101318359
352	0.14915185007784101	0.1466325548037078	0.46628114581108093	0.6667385101318359
353	0.14610586729314592	0.1466325548037078	0.46628114581108093	0.6667385101318359
354	0.14898188246621025	0.1466325548037078	0.46628114581108093	0.6667385101318359
355	0.14448716243108115	0.14637756474720415	0.46525415778160095	0.6664630174636841
356	0.15175036754873064	0.14637756474720415	0.46525415778160095	0.6664630174636841
357	0.1437632722987069	0.14637756474720415	0.46525415778160095	0.6664630174636841
358	0.1534897569153044	0.14637756474720415	0.46525415778160095	0.6664630174636841
359	0.1471483094824685	0.14637756474720415	0.46525415778160095	0.6664630174636841
360	0.1493591566880544	0.14605680627878323	0.46242234110832214	0.6665337085723877
361	0.15007834302054512	0.14605680627878323	0.46242234110832214	0.6665337085723877
362	0.14951332244608137	0.14605680627878323	0.46242234110832214	0.6665337085723877
363	0.14136548257536358	0.14605680627878323	0.46242234110832214	0.6665337085723877
364	0.15349386632442474	0.14605680627878323	0.46242234110832214	0.6665337085723877
365	0.14198477317889532	0.14584206737751185	0.4635222554206848	0.6655746102333069
366	0.14718006385697258	0.14584206737751185	0.4635222554206848	0.6655746102333069
367	0.14806009166770512	0.14584206737751185	0.4635222554206848	0.6655746102333069
368	0.15068056682745615	0.14584206737751185	0.4635222554206848	0.6655746102333069
369	0.14702573749754164	0.14584206737751185	0.4635222554206848	0.6655746102333069
370	0.1447500553396013	0.14548658088658206	0.4617074728012085	0.6651684641838074
371	0.14517640736367968	0.14548658088658206	0.4617074728012085	0.6651684641838074
372	0.14672024548053741	0.14548658088658206	0.4617074728012085	0.6651684641838074
373	0.1411348150836097	0.14548658088658206	0.4617074728012085	0.6651684641838074
374	0.14689239694012535	0.14548658088658206	0.4617074728012085	0.6651684641838074
375	0.14176350004143184	0.14515593151251474	0.4597473442554474	0.6648549437522888
376	0.14619895815849304	0.14515593151251474	0.4597473442554474	0.6648549437522888
377	0.1432201580868827	0.14515593151251474	0.4597473442554474	0.6648549437522888
378	0.14949136310153538	0.14515593151251474	0.4597473442554474	0.6648549437522888
379	0.14978324207994673	0.14515593151251474	0.4597473442554474	0.6648549437522888
380	0.14698007702827454	0.1450481173373008	0.4577668309211731	0.6654003858566284
381	0.14154862612485886	0.1450481173373008	0.4577668309211731	0.6654003858566284
382	0.1453018370601866	0.1450481173373008	0.4577668309211731	0.6654003858566284
383	0.14880703389644623	0.1450481173373008	0.4577668309211731	0.6654003858566284
384	0.14757673111226824	0.1450481173373008	0.4577668309211731	0.6654003858566284
385	0.15002472367551592	0.1447204797304878	0.45846134424209595	0.6637804508209229
386	0.15452111926343706	0.1447204797304878	0.45846134424209595	0.6637804508209229
387	0.14810908999707964	0.1447204797304878	0.45846134424209595	0.6637804508209229
388	0.14881599777274662	0.1447204797304878	0.45846134424209595	0.6637804508209229
389	0.1435778331425455	0.1447204797304878	0.45846134424209595	0.6637804508209229
390	0.14880126383569506	0.14473376717678335	0.46104156970977783	0.6628410816192627
391	0.14821372429529825	0.14473376717678335	0.46104156970977783	0.6628410816192627
392	0.1476798935068978	0.14473376717678335	0.46104156970977783	0.6628410816192627
393	0.1439579145775901	0.14473376717678335	0.46104156970977783	0.6628410816192627
394	0.14597278667820823	0.14473376717678335	0.46104156970977783	0.6628410816192627
395	0.14704262713591257	0.14437213863513265	0.45860952138900757	0.6627420783042908
396	0.1524217642015881	0.14437213863513265	0.45860952138900757	0.6627420783042908
397	0.1481049226389991	0.14437213863513265	0.45860952138900757	0.6627420783042908
398	0.14851327571603987	0.14437213863513265	0.45860952138900757	0.6627420783042908
399	0.15447092884116703	0.14437213863513265	0.45860952138900757	0.6627420783042908
400	0.14963153666920131	0.14416982152665309	0.45919159054756165	0.661528468132019
401	0.14839282631874084	0.14416982152665309	0.45919159054756165	0.661528468132019
402	0.14317118376493454	0.14416982152665309	0.45919159054756165	0.661528468132019
403	0.15312142504586113	0.14416982152665309	0.45919159054756165	0.661528468132019
404	0.1456959976090325	0.14416982152665309	0.45919159054756165	0.661528468132019
405	0.14637276199128893	0.14403596243192984	0.4561540484428406	0.6626514792442322
406	0.1448894672923618	0.14403596243192984	0.4561540484428406	0.6626514792442322
407	0.14793293840355343	0.14403596243192984	0.4561540484428406	0.6626514792442322
408	0.14471363690164354	0.14403596243192984	0.4561540484428406	0.6626514792442322
409	0.14220899840195975	0.14403596243192984	0.4561540484428406	0.6626514792442322
410	0.14178424659702513	0.1438440426375515	0.4568738341331482	0.6616572141647339
411	0.14242814977963766	0.1438440426375515	0.4568738341331482	0.6616572141647339
412	0.146725465854009	0.1438440426375515	0.4568738341331482	0.6616572141647339
413	0.1413162483109368	0.1438440426375515	0.4568738341331482	0.6616572141647339
414	0.14664821492301094	0.1438440426375515	0.4568738341331482	0.6616572141647339
415	0.1468754145834181	0.14367467188095862	0.45741891860961914	0.6610071063041687
416	0.14242180188496908	0.14367467188095862	0.45741891860961914	0.6610071063041687
417	0.1438819252782398	0.14367467188095862	0.45741891860961914	0.6610071063041687
418	0.14601181778642866	0.14367467188095862	0.45741891860961914	0.6610071063041687
419	0.14587553838888803	0.14367467188095862	0.45741891860961914	0.6610071063041687
420	0.1418975583381123	0.1434056202108546	0.45490655303001404	0.6609727144241333
421	0.14340408477518293	0.1434056202108546	0.45490655303001404	0.6609727144241333
422	0.14837346971035004	0.1434056202108546	0.45490655303001404	0.6609727144241333
423	0.14342310196823543	0.1434056202108546	0.45490655303001404	0.6609727144241333
424	0.14648613168133628	0.1434056202108546	0.45490655303001404	0.6609727144241333
425	0.14854339924123552	0.14323899334715318	0.45397326350212097	0.6606876850128174
426	0.14382590353488922	0.14323899334715318	0.45397326350212097	0.6606876850128174
427	0.1407391975323359	0.14323899334715318	0.45397326350212097	0.6606876850128174
428	0.1441554973522822	0.14323899334715318	0.45397326350212097	0.6606876850128174
429	0.14563824070824516	0.14323899334715318	0.45397326350212097	0.6606876850128174
430	0.14988356000847286	0.14316987714102103	0.4555191099643707	0.659986138343811
431	0.14210263639688492	0.14316987714102103	0.4555191099643707	0.659986138343811
432	0.14528842270374298	0.14316987714102103	0.4555191099643707	0.659986138343811
433	0.14235709607601166	0.14316987714102103	0.4555191099643707	0.659986138343811
434	0.14579706887404123	0.14316987714102103	0.4555191099643707	0.659986138343811
435	0.14256276852554745	0.14300258492314538	0.45255452394485474	0.6606520414352417
436	0.14221925205654568	0.14300258492314538	0.45255452394485474	0.6606520414352417
437	0.1486933877070745	0.14300258492314538	0.45255452394485474	0.6606520414352417
438	0.14126764486233392	0.14300258492314538	0.45255452394485474	0.6606520414352417
439	0.14293606082598367	0.14300258492314538	0.45255452394485474	0.6606520414352417
440	0.14377974139319527	0.14290674943332524	0.4556792676448822	0.6593531966209412
441	0.14341124561097887	0.14290674943332524	0.4556792676448822	0.6593531966209412
442	0.14357280731201172	0.14290674943332524	0.4556792676448822	0.6593531966209412
443	0.14716114600499472	0.14290674943332524	0.4556792676448822	0.6593531966209412
444	0.14460540976789263	0.14290674943332524	0.4556792676448822	0.6593531966209412
445	0.14156850261820686	0.1426311607739722	0.45229607820510864	0.659964382648468
446	0.1480719397465388	0.1426311607739722	0.45229607820510864	0.659964382648468
447	0.14565813210275438	0.1426311607739722	0.45229607820510864	0.659964382648468
448	0.1468259808089998	0.1426311607739722	0.45229607820510864	0.659964382648468
449	0.142721273832851	0.1426311607739722	0.45229607820510864	0.659964382648468
450	0.15146871242258284	0.14251904501471407	0.4511652886867523	0.659951388835907
451	0.14830171565214792	0.14251904501471407	0.4511652886867523	0.659951388835907
452	0.14302846292654672	0.14251904501471407	0.4511652886867523	0.659951388835907
453	0.14384445548057556	0.14251904501471407	0.4511652886867523	0.659951388835907
454	0.13976107289393744	0.14251904501471407	0.4511652886867523	0.659951388835907
455	0.14488142728805542	0.1422770506189775	0.45039254426956177	0.6594445705413818
456	0.14656321704387665	0.1422770506189775	0.45039254426956177	0.6594445705413818
457	0.1465554783741633	0.1422770506189775	0.45039254426956177	0.6594445705413818
458	0.14745749533176422	0.1422770506189775	0.45039254426956177	0.6594445705413818
459	0.1409329722325007	0.1422770506189775	0.45039254426956177	0.6594445705413818
460	0.14720745219124687	0.1420908435139545	0.4525105655193329	0.6575744152069092
461	0.13969204905960295	0.1420908435139545	0.4525105655193329	0.6575744152069092
462	0.14432736237843832	0.1420908435139545	0.4525105655193329	0.6575744152069092
463	0.1422268102566401	0.1420908435139545	0.4525105655193329	0.6575744152069092
464	0.14350301855140263	0.1420908435139545	0.4525105655193329	0.6575744152069092
465	0.1417148792081409	0.14190369659616042	0.4517464339733124	0.6575397849082947
466	0.14530472291840446	0.14190369659616042	0.4517464339733124	0.6575397849082947
467	0.14202248222298092	0.14190369659616042	0.4517464339733124	0.6575397849082947
468	0.13871265285544926	0.14190369659616042	0.4517464339733124	0.6575397849082947
469	0.1440315908855862	0.14190369659616042	0.4517464339733124	0.6575397849082947
470	0.14634636375639173	0.141730556307837	0.4515456259250641	0.6571663618087769
471	0.1412431862619188	0.141730556307837	0.4515456259250641	0.6571663618087769
472	0.1439296023713218	0.141730556307837	0.4515456259250641	0.6571663618087769
473	0.1411106139421463	0.141730556307837	0.4515456259250641	0.6571663618087769
474	0.14117474605639777	0.141730556307837	0.4515456259250641	0.6571663618087769
475	0.14013689425256518	0.14165759606416836	0.45143669843673706	0.6569151878356934
476	0.14651955664157867	0.14165759606416836	0.45143669843673706	0.6569151878356934
477	0.13861817949348026	0.14165759606416836	0.45143669843673706	0.6569151878356934
478	0.1457615014579561	0.14165759606416836	0.45143669843673706	0.6569151878356934
479	0.14353270332018533	0.14165759606416836	0.45143669843673706	0.6569151878356934
480	0.1417348947789934	0.14142680364523746	0.44920700788497925	0.6573415398597717
481	0.1518852644496494	0.14142680364523746	0.44920700788497925	0.6573415398597717
482	0.14646692242887285	0.14142680364523746	0.44920700788497925	0.6573415398597717
483	0.13787061638302273	0.14142680364523746	0.44920700788497925	0.6573415398597717
484	0.1407251391145918	0.14142680364523746	0.44920700788497925	0.6573415398597717
485	0.1406018560131391	0.14125442008177438	0.4491518437862396	0.6564311981201172
486	0.14861677752600777	0.14125442008177438	0.4491518437862396	0.6564311981201172
487	0.1444573567973243	0.14125442008177438	0.4491518437862396	0.6564311981201172
488	0.14295482138792673	0.14125442008177438	0.4491518437862396	0.6564311981201172
489	0.14101873834927878	0.14125442008177438	0.4491518437862396	0.6564311981201172
490	0.14240225321716732	0.14106555375479912	0.45079612731933594	0.6550809144973755
491	0.14516014688544804	0.14106555375479912	0.45079612731933594	0.6550809144973755
492	0.14156854649384817	0.14106555375479912	0.45079612731933594	0.6550809144973755
493	0.1423392676644855	0.14106555375479912	0.45079612731933594	0.6550809144973755
494	0.14070989853805965	0.14106555375479912	0.45079612731933594	0.6550809144973755
495	0.1510418239567015	0.14086571740087614	0.4492137134075165	0.6551998257637024
496	0.13918307837512758	0.14086571740087614	0.4492137134075165	0.6551998257637024
497	0.13983352482318878	0.14086571740087614	0.4492137134075165	0.6551998257637024
498	0.14330724792348015	0.14086571740087614	0.4492137134075165	0.6551998257637024
499	0.14324686924616495	0.14086571740087614	0.4492137134075165	0.6551998257637024
500	0.14589334527651468	0.14074697131796401	0.44896531105041504	0.6544190049171448
501	0.14193771282831827	0.14074697131796401	0.44896531105041504	0.6544190049171448
502	0.14690365228388044	0.14074697131796401	0.44896531105041504	0.6544190049171448
503	0.14610733919673496	0.14074697131796401	0.44896531105041504	0.6544190049171448
504	0.1371414073639446	0.14074697131796401	0.44896531105041504	0.6544190049171448
505	0.1383506887488895	0.14088291796140892	0.4460029602050781	0.6565338373184204
506	0.14229967527919346	0.14088291796140892	0.4460029602050781	0.6565338373184204
507	0.14362169636620414	0.14088291796140892	0.4460029602050781	0.6565338373184204
508	0.13843248867326313	0.14088291796140892	0.4460029602050781	0.6565338373184204
509	0.1459630611870024	0.14088291796140892	0.4460029602050781	0.6565338373184204
510	0.13995368282000223	0.14051076492597891	0.4480927884578705	0.6542983055114746
511	0.14221553835603926	0.14051076492597891	0.4480927884578705	0.6542983055114746
512	0.14557687275939518	0.14051076492597891	0.4480927884578705	0.6542983055114746
513	0.13911294440428415	0.14051076492597891	0.4480927884578705	0.6542983055114746
514	0.14681572053167555	0.14051076492597891	0.4480927884578705	0.6542983055114746
515	0.1424622486035029	0.14038245021834855	0.4469301700592041	0.6541223526000977
516	0.13838601443502638	0.14038245021834855	0.4469301700592041	0.6541223526000977
517	0.14091226624117958	0.14038245021834855	0.4469301700592041	0.6541223526000977
518	0.14092124667432573	0.14038245021834855	0.4469301700592041	0.6541223526000977
519	0.14398051963912117	0.14038245021834855	0.4469301700592041	0.6541223526000977
520	0.138168479833338	0.1401764631502388	0.44698840379714966	0.65337735414505
521	0.1408461183309555	0.1401764631502388	0.44698840379714966	0.65337735414505
522	0.13643239935239157	0.1401764631502388	0.44698840379714966	0.65337735414505
523	0.14400765796502432	0.1401764631502388	0.44698840379714966	0.65337735414505
524	0.13979815277788374	0.1401764631502388	0.44698840379714966	0.65337735414505
525	0.13944259451495278	0.1402179561844168	0.44976329803466797	0.6528615951538086
526	0.14257096416420406	0.1402179561844168	0.44976329803466797	0.6528615951538086
527	0.14052113393942514	0.1402179561844168	0.44976329803466797	0.6528615951538086
528	0.14596900509463417	0.1402179561844168	0.44976329803466797	0.6528615951538086
529	0.14108687970373365	0.1402179561844168	0.44976329803466797	0.6528615951538086
530	0.14348843528164756	0.139988518385	0.4452764391899109	0.6536420583724976
531	0.14375300043159062	0.139988518385	0.4452764391899109	0.6536420583724976
532	0.14162670738167232	0.139988518385	0.4452764391899109	0.6536420583724976
533	0.14042609764469993	0.139988518385	0.4452764391899109	0.6536420583724976
534	0.139012910425663	0.139988518385	0.4452764391899109	0.6536420583724976
535	0.1435650885105133	0.13985787516878556	0.44586122035980225	0.6527963876724243
536	0.13946821209457186	0.13985787516878556	0.44586122035980225	0.6527963876724243
537	0.13755441539817387	0.13985787516878556	0.44586122035980225	0.6527963876724243
538	0.13880929268068737	0.13985787516878556	0.44586122035980225	0.6527963876724243
539	0.1477186613612705	0.13985787516878556	0.44586122035980225	0.6527963876724243
540	0.14137148525979784	0.14000938128131304	0.44934141635894775	0.6522319912910461
541	0.1415171424547831	0.14000938128131304	0.44934141635894775	0.6522319912910461
542	0.14129043287701076	0.14000938128131304	0.44934141635894775	0.6522319912910461
543	0.140495659576522	0.14000938128131304	0.44934141635894775	0.6522319912910461
544	0.1417963123983807	0.14000938128131304	0.44934141635894775	0.6522319912910461
545	0.14065184361404842	0.13969979417878528	0.4470769464969635	0.6521362662315369
546	0.14148247241973877	0.13969979417878528	0.4470769464969635	0.6521362662315369
547	0.14609293142954508	0.13969979417878528	0.4470769464969635	0.6521362662315369
548	0.1359712001350191	0.13969979417878528	0.4470769464969635	0.6521362662315369
549	0.1402067111598121	0.13969979417878528	0.4470769464969635	0.6521362662315369
550	0.1413226624329885	0.139530959286431	0.44363322854042053	0.6529046893119812
551	0.13708359913693535	0.139530959286431	0.44363322854042053	0.6529046893119812
552	0.1429203467236625	0.139530959286431	0.44363322854042053	0.6529046893119812
553	0.14437897337807548	0.139530959286431	0.44363322854042053	0.6529046893119812
554	0.13849300808376735	0.139530959286431	0.44363322854042053	0.6529046893119812
555	0.14075697130627102	0.13943007900271304	0.44535553455352783	0.6517636775970459
556	0.13903456926345825	0.13943007900271304	0.44535553455352783	0.6517636775970459
557	0.14459216594696045	0.13943007900271304	0.44535553455352783	0.6517636775970459
558	0.14278417991267311	0.13943007900271304	0.44535553455352783	0.6517636775970459
559	0.14085807071791756	0.13943007900271304	0.44535553455352783	0.6517636775970459
560	0.1385916926794582	0.1393487281346506	0.4443245232105255	0.6516246199607849
561	0.14626226988103655	0.1393487281346506	0.4443245232105255	0.6516246199607849
562	0.1399100985791948	0.1393487281346506	0.4443245232105255	0.6516246199607849
563	0.13945040437910292	0.1393487281346506	0.4443245232105255	0.6516246199607849
564	0.14239007731278738	0.1393487281346506	0.4443245232105255	0.6516246199607849
565	0.14029887484179604	0.13917868601721387	0.4457670748233795	0.6504379510879517
566	0.1453558173444536	0.13917868601721387	0.4457670748233795	0.6504379510879517
567	0.14050673279497358	0.13917868601721387	0.4457670748233795	0.6504379510879517
568	0.13974102834860483	0.13917868601721387	0.4457670748233795	0.6504379510879517
569	0.1364428922533989	0.13917868601721387	0.4457670748233795	0.6504379510879517
570	0.13825747122367224	0.13896515688230826	0.44261980056762695	0.6510859131813049
571	0.1430887629588445	0.13896515688230826	0.44261980056762695	0.6510859131813049
572	0.1398332284556495	0.13896515688230826	0.44261980056762695	0.6510859131813049
573	0.13863598472542232	0.13896515688230826	0.44261980056762695	0.6510859131813049
574	0.13764375862148073	0.13896515688230826	0.44261980056762695	0.6510859131813049
575	0.1371740789877044	0.13901957164901171	0.44410568475723267	0.651099443435669
576	0.1393192642264896	0.13901957164901171	0.44410568475723267	0.651099443435669
577	0.14010355042086708	0.13901957164901171	0.44410568475723267	0.651099443435669
578	0.14009276860290104	0.13901957164901171	0.44410568475723267	0.651099443435669
579	0.14474098053243425	0.13901957164901171	0.44410568475723267	0.651099443435669
580	0.14436092310481602	0.13875948135242905	0.441780686378479	0.650762677192688
581	0.14184758398267958	0.13875948135242905	0.441780686378479	0.650762677192688
582	0.1388154129187266	0.13875948135242905	0.441780686378479	0.650762677192688
583	0.14170903629726833	0.13875948135242905	0.441780686378479	0.650762677192688
584	0.14178220927715302	0.13875948135242905	0.441780686378479	0.650762677192688
585	0.1384049223528968	0.13860090781551923	0.44237202405929565	0.6499401330947876
586	0.13928199145529005	0.13860090781551923	0.44237202405929565	0.6499401330947876
587	0.13742618179983562	0.13860090781551923	0.44237202405929565	0.6499401330947876
588	0.13814513716432783	0.13860090781551923	0.44237202405929565	0.6499401330947876
589	0.13964650531609854	0.13860090781551923	0.44237202405929565	0.6499401330947876
590	0.14085221621725294	0.13855696902718656	0.44387367367744446	0.6493524312973022
591	0.136188305914402	0.13855696902718656	0.44387367367744446	0.6493524312973022
592	0.14080083039071825	0.13855696902718656	0.44387367367744446	0.6493524312973022
593	0.13837908373938668	0.13855696902718656	0.44387367367744446	0.6493524312973022
594	0.14450760020150077	0.13855696902718656	0.44387367367744446	0.6493524312973022
595	0.13970199392901528	0.13885024247705474	0.4396153390407562	0.6522571444511414
596	0.13853616433011162	0.13885024247705474	0.4396153390407562	0.6522571444511414
597	0.13894845214154986	0.13885024247705474	0.4396153390407562	0.6522571444511414
598	0.1374471882979075	0.13885024247705474	0.4396153390407562	0.6522571444511414
599	0.13972889549202389	0.13885024247705474	0.4396153390407562	0.6522571444511414
600	0.13818730579482186	0.13846405046854832	0.4420498013496399	0.6499620676040649
601	0.1437656217151218	0.13846405046854832	0.4420498013496399	0.6499620676040649
602	0.13700786978006363	0.13846405046854832	0.4420498013496399	0.6499620676040649
603	0.13614010645283592	0.13846405046854832	0.4420498013496399	0.6499620676040649
604	0.14167248209317526	0.13846405046854832	0.4420498013496399	0.6499620676040649
605	0.13927299943235186	0.13851771428603535	0.43914517760276794	0.6513156890869141
606	0.13408668173684013	0.13851771428603535	0.43914517760276794	0.6513156890869141
607	0.13868135379420388	0.13851771428603535	0.43914517760276794	0.6513156890869141
608	0.1411451134416792	0.13851771428603535	0.43914517760276794	0.6513156890869141
609	0.1338532062040435	0.13851771428603535	0.43914517760276794	0.6513156890869141
610	0.14128051532639396	0.13816224061703497	0.44316649436950684	0.6484116315841675
611	0.14422948327329424	0.13816224061703497	0.44316649436950684	0.6484116315841675
612	0.1377503267592854	0.13816224061703497	0.44316649436950684	0.6484116315841675
613	0.1417864031261868	0.13816224061703497	0.44316649436950684	0.6484116315841675
614	0.1369885073767768	0.13816224061703497	0.44316649436950684	0.6484116315841675
615	0.14389855497413212	0.138017423739729	0.43963703513145447	0.6495237350463867
616	0.14244553446769714	0.138017423739729	0.43963703513145447	0.6495237350463867
617	0.13838751117388406	0.138017423739729	0.43963703513145447	0.6495237350463867
618	0.14606289234426287	0.138017423739729	0.43963703513145447	0.6495237350463867
619	0.13467856413788265	0.138017423739729	0.43963703513145447	0.6495237350463867
620	0.13877309527662066	0.1380385088828183	0.4396848976612091	0.6495112776756287
621	0.13612651328245798	0.1380385088828183	0.4396848976612091	0.6495112776756287
622	0.13609707024362352	0.1380385088828183	0.4396848976612091	0.6495112776756287
623	0.1413819326294793	0.1380385088828183	0.4396848976612091	0.6495112776756287
624	0.14164155224959055	0.1380385088828183	0.4396848976612091	0.6495112776756287
625	0.13931830724080405	0.13783080275206602	0.4414910078048706	0.647904098033905
626	0.13714567654662663	0.13783080275206602	0.4414910078048706	0.647904098033905
627	0.1403418348895179	0.13783080275206602	0.4414910078048706	0.647904098033905
628	0.14049738314416674	0.13783080275206602	0.4414910078048706	0.647904098033905
629	0.1406929377052519	0.13783080275206602	0.4414910078048706	0.647904098033905
630	0.13518856879737642	0.1377940755481868	0.4394032657146454	0.6488975882530212
631	0.13646381927861106	0.1377940755481868	0.4394032657146454	0.6488975882530212
632	0.13619044837024477	0.1377940755481868	0.4394032657146454	0.6488975882530212
633	0.14127669566207463	0.1377940755481868	0.4394032657146454	0.6488975882530212
634	0.1393736700216929	0.1377940755481868	0.4394032657146454	0.6488975882530212
635	0.1399352384938134	0.13808603295984195	0.4459224343299866	0.6472505927085876
636	0.14325049188401964	0.13808603295984195	0.4459224343299866	0.6472505927085876
637	0.137057992319266	0.13808603295984195	0.4459224343299866	0.6472505927085876
638	0.13785852988560995	0.13808603295984195	0.4459224343299866	0.6472505927085876
639	0.1380237638950348	0.13808603295984195	0.4459224343299866	0.6472505927085876
640	0.13437408043278587	0.1376723517743192	0.4378729462623596	0.6492007374763489
641	0.13544571979178321	0.1376723517743192	0.4378729462623596	0.6492007374763489
642	0.13554737882481682	0.1376723517743192	0.4378729462623596	0.6492007374763489
643	0.13591721074448693	0.1376723517743192	0.4378729462623596	0.6492007374763489
644	0.1403417173359129	0.1376723517743192	0.4378729462623596	0.6492007374763489
645	0.13654005858633253	0.13792086895122085	0.44606542587280273	0.6465587019920349
646	0.13751701182789272	0.13792086895122085	0.44606542587280273	0.6465587019920349
647	0.1346835212575065	0.13792086895122085	0.44606542587280273	0.6465587019920349
648	0.13769288526641	0.13792086895122085	0.44606542587280273	0.6465587019920349
649	0.1353740311331219	0.13792086895122085	0.44606542587280273	0.6465587019920349
650	0.1380859613418579	0.13748769704685654	0.4431345760822296	0.646449625492096
651	0.13873091008928087	0.13748769704685654	0.4431345760822296	0.646449625492096
652	0.13644335253371132	0.13748769704685654	0.4431345760822296	0.646449625492096
653	0.13730977227290472	0.13748769704685654	0.4431345760822296	0.646449625492096
654	0.1412905322180854	0.13748769704685654	0.4431345760822296	0.646449625492096
655	0.14014845424228245	0.1374016786499541	0.442900687456131	0.6462827920913696
656	0.13391846252812278	0.1374016786499541	0.442900687456131	0.6462827920913696
657	0.1363534074690607	0.1374016786499541	0.442900687456131	0.6462827920913696
658	0.14224901464250353	0.1374016786499541	0.442900687456131	0.6462827920913696
659	0.13839804629484811	0.1374016786499541	0.442900687456131	0.6462827920913696
660	0.136317806939284	0.13718696377536124	0.44000566005706787	0.6467002630233765
661	0.1395697212881512	0.13718696377536124	0.44000566005706787	0.6467002630233765
662	0.13519613362020916	0.13718696377536124	0.44000566005706787	0.6467002630233765
663	0.14104800588554806	0.13718696377536124	0.44000566005706787	0.6467002630233765
664	0.13408180160654914	0.13718696377536124	0.44000566005706787	0.6467002630233765
665	0.13486199577649435	0.13728734758473182	0.4420776665210724	0.6461045145988464
666	0.13793696297539604	0.13728734758473182	0.4420776665210724	0.6461045145988464
667	0.13796421719921959	0.13728734758473182	0.4420776665210724	0.6461045145988464
668	0.14208117789692348	0.13728734758473182	0.4420776665210724	0.6461045145988464
669	0.14049319095081753	0.13728734758473182	0.4420776665210724	0.6461045145988464
670	0.1477555963728163	0.13712020333885222	0.43972525000572205	0.6466673612594604
671	0.13688928965065214	0.13712020333885222	0.43972525000572205	0.6466673612594604
672	0.13725422653887007	0.13712020333885222	0.43972525000572205	0.6466673612594604
673	0.1385103232330746	0.13712020333885222	0.43972525000572205	0.6466673612594604
674	0.13975773834519917	0.13712020333885222	0.43972525000572205	0.6466673612594604
675	0.1385390112797419	0.13696573871050693	0.43869107961654663	0.6465599536895752
676	0.13779878781901467	0.13696573871050693	0.43869107961654663	0.6465599536895752
677	0.13426347325245538	0.13696573871050693	0.43869107961654663	0.6465599536895752
678	0.136145095858309	0.13696573871050693	0.43869107961654663	0.6465599536895752
679	0.13953524827957153	0.13696573871050693	0.43869107961654663	0.6465599536895752
680	0.14398223823971218	0.13688018860280976	0.4367608428001404	0.6473175883293152
681	0.13870167235533395	0.13688018860280976	0.4367608428001404	0.6473175883293152
682	0.14126862751113045	0.13688018860280976	0.4367608428001404	0.6473175883293152
683	0.14469019571940103	0.13688018860280976	0.4367608428001404	0.6473175883293152
684	0.13908819026417202	0.13688018860280976	0.4367608428001404	0.6473175883293152
685	0.13781857159402636	0.1368380551652391	0.4388349652290344	0.646430253982544
686	0.14464481506082746	0.1368380551652391	0.4388349652290344	0.646430253982544
687	0.13756175339221954	0.1368380551652391	0.4388349652290344	0.646430253982544
688	0.13974224858813816	0.1368380551652391	0.4388349652290344	0.646430253982544
689	0.13793916503588358	0.1368380551652391	0.4388349652290344	0.646430253982544
690	0.1413961946964264	0.13714004949081776	0.4355227053165436	0.6486390829086304
691	0.13604678296380573	0.13714004949081776	0.4355227053165436	0.6486390829086304
692	0.13747606343693203	0.13714004949081776	0.4355227053165436	0.6486390829086304
693	0.13790857791900635	0.13714004949081776	0.4355227053165436	0.6486390829086304
694	0.14320490095350477	0.13714004949081776	0.4355227053165436	0.6486390829086304
695	0.13951929575867122	0.13662365968375242	0.4374069571495056	0.6459632515907288
696	0.14098231328858268	0.13662365968375242	0.4374069571495056	0.6459632515907288
697	0.1307117458846834	0.13662365968375242	0.4374069571495056	0.6459632515907288
698	0.133310553100374	0.13662365968375242	0.4374069571495056	0.6459632515907288
699	0.13834336400032043	0.13662365968375242	0.4374069571495056	0.6459632515907288
700	0.14140500790543026	0.13700759191383688	0.43471354246139526	0.6486386656761169
701	0.13559972577624851	0.13700759191383688	0.43471354246139526	0.6486386656761169
702	0.1382050034072664	0.13700759191383688	0.43471354246139526	0.6486386656761169
703	0.138108781642384	0.13700759191383688	0.43471354246139526	0.6486386656761169
704	0.13586627609199947	0.13700759191383688	0.43471354246139526	0.6486386656761169
705	0.1468919532166587	0.13657484463481015	0.44007807970046997	0.6451091170310974
706	0.13657841251956093	0.13657484463481015	0.44007807970046997	0.6451091170310974
707	0.13776890105671352	0.13657484463481015	0.44007807970046997	0.6451091170310974
708	0.13252191907829708	0.13657484463481015	0.44007807970046997	0.6451091170310974
709	0.1404235064983368	0.13657484463481015	0.44007807970046997	0.6451091170310974
710	0.13549921909968057	0.1364752973696982	0.4398517906665802	0.6450650691986084
711	0.13545652396149105	0.1364752973696982	0.4398517906665802	0.6450650691986084
712	0.13820607546303007	0.1364752973696982	0.4398517906665802	0.6450650691986084
713	0.13754058380921683	0.1364752973696982	0.4398517906665802	0.6450650691986084
714	0.13310818622509638	0.1364752973696982	0.4398517906665802	0.6450650691986084
715	0.13789608909024131	0.13634361292040625	0.43687984347343445	0.6458194255828857
716	0.1346435182624393	0.13634361292040625	0.43687984347343445	0.6458194255828857
717	0.13452524526251686	0.13634361292040625	0.43687984347343445	0.6458194255828857
718	0.14378690554036033	0.13634361292040625	0.43687984347343445	0.6458194255828857
719	0.13936002221372393	0.13634361292040625	0.43687984347343445	0.6458194255828857
720	0.1441392567422655	0.136225304400274	0.43872326612472534	0.6446202993392944
721	0.13655660384231144	0.136225304400274	0.43872326612472534	0.6446202993392944
722	0.135463191403283	0.136225304400274	0.43872326612472534	0.6446202993392944
723	0.13357158998648325	0.136225304400274	0.43872326612472534	0.6446202993392944
724	0.1397400200366974	0.136225304400274	0.43872326612472534	0.6446202993392944
725	0.13966493805249533	0.1360863678215086	0.4368886947631836	0.6448384523391724
726	0.1368209487862057	0.1360863678215086	0.4368886947631836	0.6448384523391724
727	0.1365068240298165	0.1360863678215086	0.4368886947631836	0.6448384523391724
728	0.13858873811033037	0.1360863678215086	0.4368886947631836	0.6448384523391724
729	0.1393201169040468	0.1360863678215086	0.4368886947631836	0.6448384523391724
730	0.136298601826032	0.13605282218881357	0.43797656893730164	0.6444388628005981
731	0.13725083569685617	0.13605282218881357	0.43797656893730164	0.6444388628005981
732	0.13707807825671303	0.13605282218881357	0.43797656893730164	0.6444388628005981
733	0.1343884981340832	0.13605282218881357	0.43797656893730164	0.6444388628005981
734	0.13798830078707802	0.13605282218881357	0.43797656893730164	0.6444388628005981
735	0.14100643164581722	0.13591522082339885	0.4369596540927887	0.6444123387336731
736	0.13736964265505472	0.13591522082339885	0.4369596540927887	0.6444123387336731
737	0.13498337732421029	0.13591522082339885	0.4369596540927887	0.6444123387336731
738	0.13634984526369306	0.13591522082339885	0.4369596540927887	0.6444123387336731
739	0.13425100511974758	0.13591522082339885	0.4369596540927887	0.6444123387336731
740	0.1407172679901123	0.13698512720045194	0.44560205936431885	0.6445415019989014
741	0.14166546364625296	0.13698512720045194	0.44560205936431885	0.6445415019989014
742	0.13734054068724313	0.13698512720045194	0.44560205936431885	0.6445415019989014
743	0.13741068542003632	0.13698512720045194	0.44560205936431885	0.6445415019989014
744	0.14016517831219566	0.13698512720045194	0.44560205936431885	0.6445415019989014
745	0.14150316185421413	0.1358868524778721	0.4385189414024353	0.6438121795654297
746	0.13188686635759142	0.1358868524778721	0.4385189414024353	0.6438121795654297
747	0.13733896613121033	0.1358868524778721	0.4385189414024353	0.6438121795654297
748	0.13540437569220862	0.1358868524778721	0.4385189414024353	0.6438121795654297
749	0.14028067390124002	0.1358868524778721	0.4385189414024353	0.6438121795654297
750	0.13410593734847176	0.13580124946527702	0.4343529939651489	0.645187497138977
751	0.1343137588765886	0.13580124946527702	0.4343529939651489	0.645187497138977
752	0.1332961916923523	0.13580124946527702	0.4343529939651489	0.645187497138977
753	0.13548428151342604	0.13580124946527702	0.4343529939651489	0.645187497138977
754	0.13498930798636544	0.13580124946527702	0.4343529939651489	0.645187497138977
755	0.13849804964330462	0.1356235397185466	0.4356630742549896	0.6440640687942505
756	0.13829808433850607	0.1356235397185466	0.4356630742549896	0.6440640687942505
757	0.13559582415554258	0.1356235397185466	0.4356630742549896	0.6440640687942505
758	0.1366962326897515	0.1356235397185466	0.4356630742549896	0.6440640687942505
759	0.13836483822928536	0.1356235397185466	0.4356630742549896	0.6440640687942505
760	0.14191152486536238	0.13553154884382737	0.43646880984306335	0.642937421798706
761	0.14010530544651878	0.13553154884382737	0.43646880984306335	0.642937421798706
762	0.13789897329277462	0.13553154884382737	0.43646880984306335	0.642937421798706
763	0.13467070129182604	0.13553154884382737	0.43646880984306335	0.642937421798706
764	0.13563637766573164	0.13553154884382737	0.43646880984306335	0.642937421798706
765	0.13959792918629116	0.13539151997529258	0.43585675954818726	0.6430439352989197
766	0.13559391680690977	0.13539151997529258	0.43585675954818726	0.6430439352989197
767	0.13829828136497074	0.13539151997529258	0.43585675954818726	0.6430439352989197
768	0.13583476924233967	0.13539151997529258	0.43585675954818726	0.6430439352989197
769	0.13299888951910865	0.13539151997529258	0.43585675954818726	0.6430439352989197
770	0.14097890423403847	0.13540823572827865	0.43295058608055115	0.6446256637573242
771	0.13887342976199257	0.13540823572827865	0.43295058608055115	0.6446256637573242
772	0.13532557255691952	0.13540823572827865	0.43295058608055115	0.6446256637573242
773	0.13892833722962272	0.13540823572827865	0.43295058608055115	0.6446256637573242
774	0.131298771335019	0.13540823572827865	0.43295058608055115	0.6446256637573242
775	0.13614253534211052	0.13549850430599478	0.437753826379776	0.6430377960205078
776	0.13964677684836918	0.13549850430599478	0.437753826379776	0.6430377960205078
777	0.13452946643034616	0.13549850430599478	0.437753826379776	0.6430377960205078
778	0.13988740411069658	0.13549850430599478	0.437753826379776	0.6430377960205078
779	0.13764187693595886	0.13549850430599478	0.437753826379776	0.6430377960205078
780	0.14036986728509268	0.1352420915928922	0.4358313977718353	0.6427291035652161
781	0.13813629415300158	0.1352420915928922	0.4358313977718353	0.6427291035652161
782	0.13485455016295114	0.1352420915928922	0.4358313977718353	0.6427291035652161
783	0.13499939607249367	0.1352420915928922	0.4358313977718353	0.6427291035652161
784	0.1404001298877928	0.1352420915928922	0.4358313977718353	0.6427291035652161
785	0.13635015653239357	0.13524531428666078	0.4370904862880707	0.6422616839408875
786	0.1317580747935507	0.13524531428666078	0.4370904862880707	0.6422616839408875
787	0.13614803552627563	0.13524531428666078	0.4370904862880707	0.6422616839408875
788	0.13533983793523577	0.13524531428666078	0.4370904862880707	0.6422616839408875
789	0.1374146259493298	0.13524531428666078	0.4370904862880707	0.6422616839408875
790	0.13483296665880415	0.13512800795625346	0.4330439567565918	0.6439162492752075
791	0.13379763066768646	0.13512800795625346	0.4330439567565918	0.6439162492752075
792	0.13513272007306418	0.13512800795625346	0.4330439567565918	0.6439162492752075
793	0.13735459910498726	0.13512800795625346	0.4330439567565918	0.6439162492752075
794	0.1368634303410848	0.13512800795625346	0.4330439567565918	0.6439162492752075
795	0.13535632524225447	0.13508119705573532	0.4353289306163788	0.6428821682929993
796	0.13410059528218377	0.13508119705573532	0.4353289306163788	0.6428821682929993
797	0.13587014045980242	0.13508119705573532	0.4353289306163788	0.6428821682929993
798	0.13513919876681435	0.13508119705573532	0.4353289306163788	0.6428821682929993
799	0.13742696245511374	0.1349903222664382	0.43446364998817444	0.6432719230651855
